Dimension;Threads_num;Elapsed time;Block size,Method
1250;1;0.860000;2;serial
1250;1;0.018664;2;parallel
1250;2;0.010941;2;parallel
1250;4;0.005697;2;parallel
1250;8;0.003067;2;parallel
1250;16;0.001679;2;parallel
1250;32;0.000933;2;parallel
1250;64;0.000438;2;parallel
1250;1;0.880000;5;serial
1250;1;0.018776;5;parallel
1250;2;0.011308;5;parallel
1250;4;0.005812;5;parallel
1250;8;0.003121;5;parallel
1250;16;0.001721;5;parallel
1250;32;0.000930;5;parallel
1250;64;0.000428;5;parallel
1250;1;0.690000;10;serial
1250;1;0.017586;10;parallel
1250;2;0.010183;10;parallel
1250;4;0.005250;10;parallel
1250;8;0.002841;10;parallel
1250;16;0.001562;10;parallel
1250;32;0.000845;10;parallel
1250;64;0.000387;10;parallel
1250;1;0.560000;25;serial
1250;1;0.016939;25;parallel
1250;2;0.009784;25;parallel
1250;4;0.004976;25;parallel
1250;8;0.002656;25;parallel
1250;16;0.001471;25;parallel
1250;32;0.000799;25;parallel
1250;64;0.000340;25;parallel
5000;1;1.190000;2;serial
5000;1;0.360325;2;parallel
5000;2;0.169967;2;parallel
5000;4;0.098724;2;parallel
5000;8;0.058833;2;parallel
5000;16;0.037768;2;parallel
5000;32;0.024104;2;parallel
5000;64;0.015093;2;parallel
5000;1;1.140000;4;serial
5000;1;0.319019;4;parallel
5000;2;0.152391;4;parallel
5000;4;0.090000;4;parallel
5000;8;0.051609;4;parallel
5000;16;0.033073;4;parallel
5000;32;0.021412;4;parallel
5000;64;0.013373;4;parallel
5000;1;1.120000;5;serial
5000;1;0.291112;5;parallel
5000;2;0.144141;5;parallel
5000;4;0.097038;5;parallel
5000;8;0.049314;5;parallel
5000;16;0.040958;5;parallel
5000;32;0.019607;5;parallel
5000;64;0.013035;5;parallel
5000;1;1.100000;8;serial
5000;1;0.337150;8;parallel
5000;2;0.144531;8;parallel
5000;4;0.083707;8;parallel
5000;8;0.047423;8;parallel
5000;16;0.031350;8;parallel
5000;32;0.019359;8;parallel
5000;64;0.012436;8;parallel
5000;1;1.090000;10;serial
5000;1;0.299955;10;parallel
5000;2;0.144447;10;parallel
5000;4;0.081950;10;parallel
5000;8;0.044875;10;parallel
5000;16;0.028541;10;parallel
5000;32;0.018721;10;parallel
5000;64;0.012235;10;parallel
5000;1;1.100000;20;serial
5000;1;0.287458;20;parallel
5000;2;0.137705;20;parallel
5000;4;0.078474;20;parallel
5000;8;0.044221;20;parallel
5000;16;0.027755;20;parallel
5000;32;0.018097;20;parallel
5000;64;0.011890;20;parallel
5000;1;1.070000;25;serial
5000;1;0.285924;25;parallel
5000;2;0.136301;25;parallel
5000;4;0.078654;25;parallel
5000;8;0.045522;25;parallel
5000;16;0.028320;25;parallel
5000;32;0.018566;25;parallel
5000;64;0.012615;25;parallel
5000;1;1.080000;40;serial
5000;1;0.284825;40;parallel
5000;2;0.135421;40;parallel
5000;4;0.077688;40;parallel
5000;8;0.043195;40;parallel
5000;16;0.026933;40;parallel
5000;32;0.017973;40;parallel
5000;64;0.011768;40;parallel
5000;1;1.120000;50;serial
5000;1;0.273486;50;parallel
5000;2;0.136759;50;parallel
5000;4;0.078915;50;parallel
5000;8;0.042948;50;parallel
5000;16;0.027090;50;parallel
5000;32;0.017537;50;parallel
5000;64;0.011916;50;parallel
20000;1;7.830000;2;serial
20000;1;7.520599;2;parallel
20000;2;4.199538;2;parallel
20000;4;2.425830;2;parallel
20000;8;1.603682;2;parallel
20000;16;0.850038;2;parallel
20000;32;0.551940;2;parallel
20000;64;0.458781;2;parallel
20000;1;5.510000;4;serial
20000;1;7.009054;4;parallel
20000;2;3.528503;4;parallel
20000;4;1.968101;4;parallel
20000;8;1.264720;4;parallel
20000;16;0.821494;4;parallel
20000;32;0.505014;4;parallel
20000;64;0.265565;4;parallel
20000;1;4.960000;5;serial
20000;1;5.813042;5;parallel
20000;2;3.353081;5;parallel
20000;4;1.999112;5;parallel
20000;8;1.014527;5;parallel
20000;16;0.740934;5;parallel
20000;32;0.520480;5;parallel
20000;64;0.477414;5;parallel
20000;1;4.630000;8;serial
20000;1;5.813553;8;parallel
20000;2;2.826290;8;parallel
20000;4;1.580512;8;parallel
20000;8;0.819525;8;parallel
20000;16;0.551649;8;parallel
20000;32;0.370195;8;parallel
20000;64;0.261248;8;parallel
20000;1;4.210000;10;serial
20000;1;5.443924;10;parallel
20000;2;2.960360;10;parallel
20000;4;2.079909;10;parallel
20000;8;0.942097;10;parallel
20000;16;0.731302;10;parallel
20000;32;0.468372;10;parallel
20000;64;0.374627;10;parallel
20000;1;4.220000;16;serial
20000;1;5.628610;16;parallel
20000;2;2.765142;16;parallel
20000;4;1.388485;16;parallel
20000;8;0.941942;16;parallel
20000;16;0.716786;16;parallel
20000;32;0.451835;16;parallel
20000;64;0.395904;16;parallel
20000;1;4.130000;20;serial
20000;1;5.104737;20;parallel
20000;2;2.588877;20;parallel
20000;4;1.320543;20;parallel
20000;8;0.931958;20;parallel
20000;16;0.678669;20;parallel
20000;32;0.347216;20;parallel
20000;64;0.217680;20;parallel
20000;1;3.700000;25;serial
20000;1;4.809910;25;parallel
20000;2;2.506146;25;parallel
20000;4;1.401067;25;parallel
20000;8;1.030982;25;parallel
20000;16;0.735555;25;parallel
20000;32;0.348885;25;parallel
20000;64;0.373592;25;parallel
20000;1;3.950000;32;serial
20000;1;4.636197;32;parallel
20000;2;2.918707;32;parallel
20000;4;1.379940;32;parallel
20000;8;0.808685;32;parallel
20000;16;0.539725;32;parallel
20000;32;0.267984;32;parallel
20000;64;0.215006;32;parallel
20000;1;4.290000;40;serial
20000;1;5.061957;40;parallel
20000;2;2.661414;40;parallel
20000;4;1.649334;40;parallel
20000;8;1.181066;40;parallel
20000;16;0.759044;40;parallel
20000;32;0.303742;40;parallel
20000;64;0.349242;40;parallel
20000;1;4.540000;50;serial
20000;1;5.505013;50;parallel
20000;2;2.661379;50;parallel
20000;4;1.421042;50;parallel
20000;8;0.986145;50;parallel
20000;16;0.527507;50;parallel
20000;32;0.260808;50;parallel
20000;64;0.208666;50;parallel
20000;1;4.080000;80;serial
20000;1;5.033359;80;parallel
20000;2;2.421512;80;parallel
20000;4;1.325081;80;parallel
20000;8;0.752943;80;parallel
20000;16;0.526019;80;parallel
20000;32;0.430063;80;parallel
20000;64;0.284120;80;parallel
20000;1;4.360000;100;serial
20000;1;5.207481;100;parallel
20000;2;2.647359;100;parallel
20000;4;1.448682;100;parallel
20000;8;0.894265;100;parallel
20000;16;0.538404;100;parallel
20000;32;0.248520;100;parallel
20000;64;0.189082;100;parallel
20000;1;4.220000;125;serial
20000;1;5.238485;125;parallel
20000;2;2.695413;125;parallel
20000;4;1.386919;125;parallel
20000;8;0.768736;125;parallel
20000;16;0.553867;125;parallel
20000;32;0.366764;125;parallel
20000;64;0.217887;125;parallel
80000;1;93.170000;2;serial
80000;1;36.127222;2;parallel
80000;2;20.938180;2;parallel
80000;4;10.923944;2;parallel
80000;8;6.321652;2;parallel
80000;16;4.151289;2;parallel
80000;32;3.040298;2;parallel
80000;64;2.679873;2;parallel
80000;1;68.730000;4;serial
80000;1;29.838621;4;parallel
80000;2;15.676999;4;parallel
80000;4;10.091013;4;parallel
80000;8;5.264642;4;parallel
80000;16;3.520467;4;parallel
80000;32;2.263801;4;parallel
80000;64;1.777114;4;parallel
80000;1;61.410000;5;serial
80000;1;28.318238;5;parallel
80000;2;14.235906;5;parallel
80000;4;7.930356;5;parallel
80000;8;5.130002;5;parallel
80000;16;2.945981;5;parallel
80000;32;2.242831;5;parallel
80000;64;1.710981;5;parallel
80000;1;55.670000;8;serial
80000;1;25.898302;8;parallel
80000;2;13.745296;8;parallel
80000;4;7.756622;8;parallel
80000;8;4.726287;8;parallel
80000;16;2.864904;8;parallel
80000;32;2.001474;8;parallel
80000;64;1.543147;8;parallel
80000;1;53.390000;10;serial
80000;1;25.867548;10;parallel
80000;2;13.712411;10;parallel
80000;4;8.103431;10;parallel
80000;8;4.781023;10;parallel
80000;16;2.898262;10;parallel
80000;32;1.891886;10;parallel
80000;64;1.441960;10;parallel
80000;1;48.520000;16;serial
80000;1;28.125430;16;parallel
80000;2;13.106957;16;parallel
80000;4;7.377359;16;parallel
80000;8;4.326418;16;parallel
80000;16;2.592438;16;parallel
80000;32;1.669290;16;parallel
80000;64;1.391108;16;parallel
80000;1;48.420000;20;serial
80000;1;26.458383;20;parallel
80000;2;12.875376;20;parallel
80000;4;7.419222;20;parallel
80000;8;4.115880;20;parallel
80000;16;2.394894;20;parallel
80000;32;1.697034;20;parallel
80000;64;1.367878;20;parallel
80000;1;45.980000;25;serial
80000;1;24.639243;25;parallel
80000;2;12.540614;25;parallel
80000;4;6.686029;25;parallel
80000;8;3.993877;25;parallel
80000;16;2.383877;25;parallel
80000;32;1.581059;25;parallel
80000;64;1.304829;25;parallel
80000;1;51.710000;32;serial
80000;1;24.599284;32;parallel
80000;2;12.943033;32;parallel
80000;4;6.947729;32;parallel
80000;8;4.150299;32;parallel
80000;16;2.293804;32;parallel
80000;32;1.460766;32;parallel
80000;64;1.215722;32;parallel
80000;1;51.380000;40;serial
80000;1;25.449797;40;parallel
80000;2;12.487216;40;parallel
80000;4;6.811691;40;parallel
80000;8;3.864284;40;parallel
80000;16;2.242389;40;parallel
80000;32;1.545346;40;parallel
80000;64;1.256494;40;parallel
80000;1;51.430000;50;serial
80000;1;24.831801;50;parallel
80000;2;12.989163;50;parallel
80000;4;7.452181;50;parallel
80000;8;3.987642;50;parallel
80000;16;2.241603;50;parallel
80000;32;1.542489;50;parallel
80000;64;1.279179;50;parallel
80000;1;50.780000;64;serial
80000;1;24.600131;64;parallel
80000;2;12.852163;64;parallel
80000;4;7.057437;64;parallel
80000;8;3.811531;64;parallel
80000;16;2.505399;64;parallel
80000;32;1.487849;64;parallel
80000;64;1.198593;64;parallel
80000;1;50.320000;80;serial
80000;1;24.575361;80;parallel
80000;2;12.396416;80;parallel
80000;4;6.812444;80;parallel
80000;8;3.696447;80;parallel
80000;16;2.297165;80;parallel
80000;32;1.554230;80;parallel
80000;64;1.233264;80;parallel
80000;1;49.740000;100;serial
80000;1;24.308308;100;parallel
80000;2;12.413066;100;parallel
80000;4;6.949182;100;parallel
80000;8;3.701451;100;parallel
80000;16;2.174578;100;parallel
80000;32;1.584894;100;parallel
80000;64;1.308400;100;parallel
80000;1;48.640000;125;serial
80000;1;24.229997;125;parallel
80000;2;14.224026;125;parallel
80000;4;6.730232;125;parallel
80000;8;3.512237;125;parallel
80000;16;2.225645;125;parallel
80000;32;1.428086;125;parallel
80000;64;1.182088;125;parallel
80000;1;50.410000;128;serial
80000;1;24.752086;128;parallel
80000;2;12.470117;128;parallel
80000;4;6.924100;128;parallel
80000;8;3.764030;128;parallel
80000;16;2.217415;128;parallel
80000;32;1.491147;128;parallel
80000;64;1.212626;128;parallel
80000;1;47.790000;160;serial
80000;1;24.792960;160;parallel
80000;2;12.546210;160;parallel
80000;4;6.773689;160;parallel
80000;8;3.680523;160;parallel
80000;16;2.207396;160;parallel
80000;32;1.586569;160;parallel
80000;64;1.256952;160;parallel
80000;1;46.190000;200;serial
80000;1;25.029694;200;parallel
80000;2;14.299339;200;parallel
80000;4;6.629388;200;parallel
80000;8;3.469878;200;parallel
80000;16;2.148328;200;parallel
80000;32;1.451917;200;parallel
80000;64;1.200816;200;parallel
80000;1;48.010000;250;serial
80000;1;23.981528;250;parallel
80000;2;12.515270;250;parallel
80000;4;6.666367;250;parallel
80000;8;3.873943;250;parallel
80000;16;2.125006;250;parallel
80000;32;1.473438;250;parallel
80000;64;1.149500;250;parallel
